00401
00545
01018
01026
01148
01220
01718
01737
02042
02182
02199
02346
02782
03551
03948
03955
04190
04231
04665
04678
04743
04971
05378
05493
05573
05690
05950
05954
05981
05990
06131
06163
06263
06306
06711
06714
07113
07681
07942
08531
08553
08776
08846
09298
09320
09373
09522
09562
09640
10089
10190
10257
10962
11165
11262
11349
11684
11911
12504
13026
13200
13270
13665
14492
14644
14994
15039
15048
15121
15265
15487
15555
15573
16098
16406
16572
16702
17560
17865
18493
18696
19147
19966
20603
20627
21366
23629
23945
24332
24877
25304
25704
26458
27901
28260
28490
28749
29732
29792
30454
